2 1
2 2
2 3
2 34
2 35
3 4
3 5
3 6
3 7
3 8
3 9
3 10
3 11
3 12
3 13
1 14
1 15
1 16
1 17
1 18
4 20
4 21
4 1
4 22
4 23
4 24
4 39
4 40
4 45
4 46
4 47
4 52
4 63
4 64
5 19
5 20
5 29
5 42
6 21
7 22
7 23
7 24
7 41
7 42
8 25
8 26
8 27
9 4
9 5
9 6
9 7
9 8
9 9
9 10
9 11
9 12
9 13
9 14
9 25
9 26
9 27
10 1
10 2
10 3
10 14
10 15
10 16
10 17
10 18
10 19
10 20
10 21
10 22
10 23
10 24
11 14
11 15
11 16
11 17
11 18
11 28
11 29
11 43
11 44
12 30
12 31
16 30
16 31
16 32
16 33
13 32
13 33
14 34
14 35
15 36
15 37
15 38
17 39
17 40
18 41
18 42
19 43
19 44
20 45
20 46
21 45
21 46
21 47
22 48
22 49
23 49
23 50
23 62
24 51
24 52
25 53
25 54
26 55
26 56
27 57
27 58
28 59
28 60
29 61
29 62
30 63
30 64
31 65
31 66
32 1
32 2
32 3
32 34
32 35
32 49
33 20
33 43
33 59
34 47
34 54
34 58
34 64
35 2
35 3
35 36
35 50
35 53
35 59
36 46
37 55
37 65
38 29
39 33
40 38
41 57
42 34
42 52
43 45
43 61
44 35
44 40
45 21
45 23
46 14
46 15
46 17
46 18
46 28
46 31
46 42
46 62
47 24
47 49
47 66
48 1
48 30
48 39
48 41
49 16
49 37
49 51
49 56
50 48
51 32
51 63
52 19
52 22
53 44